163
1377
1193
166
669
422
710
1403
420
712
191
867
1142
182
1387
749
1422
629
1393
451
1329
1161
824
818
755
593
211
476
122
676
1125
1304
416
646
973
144
1002
614
734
723
1207
876
428
423
254
1092
176
199
406
1434
975
1334
1127
77
837
412
361
326
885
964
880
171
1317
681
249
1347
557
66
706
1199
568
452
1143
750
1348
820
636
938
986
541
599
704
841
493
734
744
167
1263
1007
399
592
857
455
834
278
329
915
278
243
168
116
523
353
626
664
1368
489
137
884
630
590
1072
1024
125
1154
489
1422
1177
255
788
482
419
1246
160
1151
945
781
898
1020
724
942
308
1062
1004
942
480
812
639
488
1053
621
1033
880
859
1199
939
253
1370
386
284
1030
996
696
765
679
1067
88
159
896
522
846
313
361
659
921
319
740
65
407
864
300
1222
896
390
1432
752
1405
242
400
758
878
924
1229
1299
852
374
959
573
630
1300
119
613
1361
944
1381
1326
1024
742
104
162
1068
352
378
156
133
723
373
810
1027
1148
320
348
209
463
783
893
786
152
415
417
796
1214
720
1148
1430
1216
254
1339
899
1188
80
1187
979
275
679
975
864
889
485
983
1197
1318
629
947
732
863
489
1302
1041
1106
1301
60
543
1401
1230
596
857
150
844
74
885
632
640
1086
376
858
546
707
111
1151
1357
632
1314
1352
912
1190
609
1415
620
387
178
130
1196
846
1189
105
1397
245
553
353
1269
127
1017
1371
120
878
65
1434
877
813
550
97
689
142
973
951
282
392
77
1181
1174
907
1311
1337
894
1118
721
256
591
896
518
78
1170
1132
477
476
1236
347
1377
219
107
776
798
483
464
605
91
815
1369
753
1125
362
857
393
1426
186
983
1394
239
822
908
1310
354
506
937
433
733
105
1130
97
143
1150
870
1151
693
649
264
845
948
585
855
1009
847
1423
1236
805
836
750
771
272
739
1310
532
654
963
1018
503
270
793
979
867
1062
1392
274
578
1280
499
762
821
163
112
1254
861
405
871
549
821
1093
287
648
157
624
594
1311
258
852
309
806
496
1069
840
1349
881
738
1266
1067
967
1112
1321
630
170
390
453
1274
61
560
1022
807
1216
724
1372
177
1134
766
577
1095
1122
63
334
769
1332
921
103
1122
925
665
1290
714
376
1152
528
1325
596
878
377
162
630
928
1055
297
168
1143
837
747
989
411
1010
819
1368
1373
210
319
271
1197
357
172
701
228
824
996
526
194
1388
598
955
774
1160
1037
1372
1002
593
499
141
485
734
1022
541
252
1262
959
474
1035
1071
1310
1171
1037
1139
711
507
490
330
745
1169
1241
91
920
798
444
892
584
339
692
809
410
844
209
65
486
983
529
792
673
269
1111
524
88
377
1373
429
155
928
100
943
471
557
1245
101
1183
1280
1155
262
319
269
69
931
1003
213
504
721
1326
1007
872
762
511
1214
118
563
1147
373
562
473
816
321
86
540
565
1045
309
358
122
139
701
1090
566
1309
1208
938
713
210
545
653
738
201
369
900
375
1144
774
1169
1349
713
533
67
1154
1079
1439
462
886
89
846
1371
273
542
233
1419
1054
1004
1239
1078
972
365
753
74
1115
547
1369
1427
1297
1129
545
764
757
643
492
662
743
741
98
1380
602
1419
709
673
1088
596
427
97
781
240
114
983
173
597
191
1109
176
1009
1055
1331
349
641
152
400
1103
451
1167
318
810
644
1333
1419
554
835
382
617
958
539
833
288
1204
806
418
575
481
1066
1218
976
1185
246
251
543
365
1156
1054
196
427
113
1159
910
152
319
733
795
167
1137
936
464
1203
152
716
1379
975
233
424
1231
771
979
1285
482
1059
707
164
161
1231
488
1074
743
223
1047
363
848
100
1078
1058
1083
635
385
1402
1198
1272
853
417
667
816
912
857
753
452
1375
847
689
521
1314
1245
828
1063
1135
141
365
380
1168
689
439
616
305
545
1190
312
1429
1092
346
1395
1288
147
146
582
1389
100
657
1295
424
200
558
194
314
1108
502
386
312
307
94
1396
404
964
1245
1056
963
147
802
1160
659
1401
1044
1195
762
650
1423
1371
1195
1134
670
973
1099
214
493
1262
1295
558
131
1151
908
1373
119
235
564
1406
1212
520
363
1077
353
1041
1274
851
216
543
667
320
934
1133
957
189
403
752
1069
655
440
723
159
1365
1033
532
97
927
440
1366
85
1218
509
287
860
61
883
667
602
451
213
988
868
178
248
949
1343
1234
1197
1083
116
222
172
1075
574
654
161
1313
618
1173
1279
824
561
1340
443
680
1220
592
824
1199
845
1217
556
280
294
877
1228
1060
623
412
504
658
1027
768
569
901
94
665
921
69
1430
1032
299
720
1357
428
1257
449
1369
408
838
1005
1080
614
267
80
661
628
70
914
725
941
82
1131
260
254
502
470
1174
448
800
1384
1265
862
225
415
772
1176
990
549
712
789
308
448
1377
576
457
699
245
1302
203
256
1317
73
604
1210
1050
182
124
1281
1151
1330
90
195
456
1021
78
666
361
1354
985
526
1429
454
176
706
457
1180
930
506
328
1077
456
833
726
1407
236
1400
295
870
1242
830
1265
490
841
1234
175
1395
131
480
1280
221
94
834
1128
1272
145
933
977
469
71
640
879
1289
1128
899
1309
196
986
824
979
756
471
778
764
130
1195
901
1050
1328
824
858
804
1189
1117
177
382
872
275
545
549
907
478
682
863
1358
314
93
330
1349
159
1195
113
1018
1369
1052
483
527
633
733
676
836
579
549
455
1389
289
188
924
415
1014
484
291
110
1058
73
586
1165
674
1106
476
775
564
200
1202
1433
1115
1365
386
1363
1350
830
1181
753
1361
1424
431
848
1407
135
696
309
942
869
801
424
532
951
902
1220
1019
178
328
97
514
616
1425
673
251
560
639
67
483
1129
966
514
478
1088
158
193
450
127
1358
318
587
313
107
1235
1022
1008
986
246
1246
1303
171
321
550
1332
280
1170
181
1127
108
1291
998
1363
94
1102
1187
989
174
224
198
286
860
1166
1184
362
139
668
224
775
505
1283
1146
1295
642
290
729
350
276
282
674
998
1329
984
561
116
500
1003
1323
619
90
457
1109
652
1357
499
1399
497
1407
555
104
1279
511
1283
64
72
1056
598
961
1203
626
1214
655
238
1437
895
497
1178
1320
1086
635
1163
1312
129
665
76
491
180
1245
269
244
1088
990
781
999
558
678
190
544
1128
1275
744
738
1353
967
742
1030
197
960
406
499
1049
1126
624
590
1123
608
692
1036
193
1123
79
1009
249
880
792
60
800
733
509
828
250
364
238
444
267
399
1373
248
1030
1310
159
529
208
628
1026
594
349
463
1390
1431
126
840
104
1366
656
1201
318
1399
645
1064
347
1192
268
316
214
771
442
84
1140
713
398
68
509
1062
358
1069
648
1026
780
818
1334
959
854
1355
737
655
846
883
1223
753
148
1320
356
549
1341
1163
1201
723
817
322
1010
933
141
864
626
599
1093
406
537
1026
1355
1417
1176
292
1083
1200
623
223
814
374
949
458
544
1144
852
1204
1224
1036
246
667
974
1076
865
606
1222
772
197
486
340
67
73
460
164
1350
1068
773
157
503
604
354
334
1058
602
897
827
574
675
1230
774
283
870
156
1149
293
1394
1231
807
504
699
1383
806
867
1236
566
949
125
937
1090
565
703
1064
552
1088
932
110
966
544
1431
794
655
498
427
93
977
553
270
478
1140
911
1006
1251
378
77
440
670
859
907
1439
1243
1284
368
1066
1409
658
551
993
1289
463
1425
482
243
128
1067
395
256
971
98
1096
517
99
1070
327
116
590
1318
502
853
167
1034
1094
486
160
968
1123
662
797
1347
956
947
1249
270
1282
1218
695
1045
1195
1311
1148
263
1416
358
902
991
820
268
1068
1277
101
860
1020
1421
301
1223
1284
1372
656
399
1087
872
980
1434
118
671
99
639
301
986
277
1083
1348
535
1050
426
1356
909
878
1249
1327
247
315
197
1190
842
1045
682
457
1261
1183
1296
1229
1147
1413
755
588
1030
724
356
655
246
1368
957
1177
392
769
383
1351
377
791
989
970
528
703
472
1115
514
679
1369
553
1081
315
972
1240
1294
725
275
1167
253
720
684
476
591
1109
1257
587
636
667
812
1201
803
662
485
322
563
1087
1121
885
964
538
520
831
1059
1008
270
1037
999
592
392
466
200
1234
1361
1278
977
818
593
305
1393
387
386
389
1368
1113
139
1156
1377
1284
782
548
651
909
1260
1141
772
589
606
196
203
795
541
305
615
929
1016
809
495
1157
586
681
99
169
1084
332
116
661
731
1016
800
988
286
1136
1168
189
76
1357
385
1293
332
409
1192
138
281
726
1343
550
376
62
844
163
155
127
698
1042
105
1103
767
678
1427
1162
771
671
262
343
610
1058
270
929
258
1032
288
498
1029
543
824
711
1069
394
360
90
868
767
579
1140
533
1417
1171
908
1335
141
1401
619
1266
666
1376
249
150
1035
170
402
423
1148
1191
1251
371
171
1276
1107
836
442
774
729
544
1277
1396
449
956
278
1305
946
574
1101
348
666
846
1049
635
197
1194
926
610
682
625
774
734
1260
490
1404
1434
266
1422
172
745
889
680
802
252
509
689
460
1247
384
354
819
130
932
645
1262
1098
983
1027
1312
134
401
756
1278
826
605
1103
1212
755
438
112
443
124
1232
668
1267
638
657
773
263
1250
431
1325
452
651
345
835
218
459
354
860
961
941
1137
613
966
1301
1082
1285
783
76
945
948
902
70
186
530
673
417
247
863
547
263
866
815
1138
1217
243
110
437
1434
735
1395
1089
279
496
201
170
916
258
1126
1062
343
1373
695
258
87
958
1434
947
443
507
138
1326
746
1225
632
1079
457
264
536
146
1141
349
212
561
1180
136
1370
1405
106
852
403
549
656
257
961
651
539
161
1330
1031
1415
693
1070
385
806
751
820
313
358
913
1385
877
810
328
793
134
179
1265
383
1261
539
1430
177
489
1346
99
423
140
1047
1025
72
321
232
1124
889
244
670
441
1069
415
576
631
1114
1265
864
275
315
812
1215
194
1383
1186
1144
1341
209
901
514
1409
1335
62
450
1381
1346
1132
1190
938
796
899
1403
1017
72
642
1102
1246
998
122
678
1245
1348
858
567
1384
193
167
599
861
755
289
1206
372
497
517
241
852
412
400
1158
1375
144
600
380
447
1208
1237
713
103
347
1417
1416
1210
843
460
259
1005
243
180
1310
1382
1184
1205
1093
759
961
469
1310
1266
942
428
426
637
1283
324
1265
1384
1191
619
169
785
1011
568
1178
748
425
974
65
1341
869
806
1024
855
1051
180
309
1383
1056
1294
650
627
82
959
77
1120
237
1324
980
1129
518
904
1111
1179
511
674
788
1269
359
643
800
414
554
544
190
1218
1227
1159
1273
777
1084
599
998
988
369
826
258
1239
1419
1379
1109
1349
203
946
1118
913
827
940
1033
1427
1211
223
1145
722
898
445
182
1207
1166
301
149
1352
379
258
1280
1254
210
232
593
192
1299
955
84
898
588
399
659
549
315
103
144
358
1079
742
1169
1408
603
222
797
182
565
366
577
1294
163
140
407
286
713
811
994
624
66
1317
211
493
1113
244
215
234
588
311
497
134
658
745
620
902
460
1173
1371
1072
966
1038
507
1184
1271
1123
929
1419
1038
103
398
1376
878
561
488
218
1390
880
773
645
1016
873
1270
1184
533
1027
1325
229
438
1317
76
625
443
227
1221
914
294
454
156
145
578
652
441
379
703
1429
883
489
1211
1379
1410
942
945
132
687
1414
483
1413
599
1427
1140
1114
1183
805
1352
1099
750
1330
303
1040
773
500
792
1212
1357
1134
979
596
715
1421
646
906
1426
744
564
176
511
245
241
347
960
171
593
966
608
833
391
304
248
411
1077
393
295
545
1127
378
1406
891
348
764
1108
1244
989
969
840
294
212
1159
1146
668
840
437
1220
1110
1429
178
532
308
1214
410
903
836
424
1247
1155
1299
1207
514
124
1056
559
362
900
856
981
245
215
651
1321
453
87
744
1141
781
535
471
1316
429
536
603
796
265
962
486
468
243
343
289
1279
402
1152
561
542
366
520
840
62
1163
1055
763
240
518
1026
312
121
1180
423
1395
383
1076
974
463
675
896
927
905
1106
783
474
118
1433
309
1283
1261
329
814
1119
584
1148
1176
200
895
1156
1091
1017
1257
1343
578
135
564
1041
209
900
226
1306
395
347
1057
1212
785
221
951
1262
1250
1021
894
1437
495
141
657
368
606
587
1251
84
301
351
902
434
1255
832
382
905
879
630
145
1425
746
660
677
305
82
475
514
1382
609
191
1347
900
386
627
773
907
929
380
752
237
967
63
1246
115
523
1091
1026
369
387
975
701
924
1102
297
1022
933
870
1123
686
837
576
140
192
1258
538
1364
980
522
456
209
977
1120
1171
828
1133
718
1246
175
993
262
1319
423
1370
62
796
957
446
484
1185
338
630
892
948
179
153
1124
311
1424
144
1159
1382
957
1059
902
1195
1427
1330
566
252
491
810
910
1407
1046
1276
736
1186
1352
787
566
1147
672
1177
1027
1015
867
1378
598
975
412
121
1182
1086
417
1061
720
629
958
874
888
1156
578
396
1395
1064
486
608
737
1067
431
382
609
787
1062
1204
414
1161
378
412
1172
641
314
979
1187
450
447
422
88
275
1115
1344
704
766
334
508
1095
817
642
704
115
1100
1020
1243
383
1291
1243
680
1413
682
1064
906
584
1024
383
708
536
686
982
316
904
516
1107
959
294
1131
484
382
1412
1328
788
1327
709
532
806
513
700
130
1258
1191
383
564
1224
180
597
704
409
1149
120
1053
774
882
249
145
1134
1304
522
1220
1059
655
1349
102
847
1120
1177
138
1393
1077
1065
1393
802
580
838
723
261
1206
193
825
803
1040
392
203
639
1079
154
767
850
525
799
450
870
128
616
1136
551
264
218
1168
188
805
204
923
571
987
348
676
154
526
1381
435
702
1316
987
1402
216
1143
840
507
1167
434
584
978
750
1134
818
337
1300
684
1002
920
1354
1263
993
1257
917
1328
258
1272
82
793
247
664
435
700
1087
901
547
119
207
1353
524
869
471
824
1412
485
991
860
741
1108
1424
541
446
1163
281
613
89
620
488
145
713
1213
1403
1375
497
245
765
164
1071
108
116
1190
447
390
907
489
1382
189
639
414
1107
1301
1071
735
444
359
1188
1178
1011
224
347
1191
659
787
596
678
105
1228
504
183
263
541
1123
1331
939
325
512
668
1140
713
900
303
1022
1214
359
719
379
317
631
501
856
312
1178
784
679
918
345
830
405
1138
502
1010
1361
1220
1416
1018
791
506
1343
1151
244
467
154
990
993
159
258
621
937
476
426
110
1265
1430
939
116
726
213
912
1064
984
1053
1425
1105
379
199
136
1054
1338
282
549
1113
1393
1187
774
483
1127
1244
74
398
991
882
1319
180
692
419
681
168
1103
652
1259
499
915
422
364
1066
449
726
156
1291
1190
333
895
810
889
739
842
1398
1225
991
292
401
278
1346
474
907
620
992
774
1165
129
83
598
382
953
868
1083
231
837
1421
487
1220
433
274
286
523
207
420
1120
872
419
971
70
321
1024
462
934
270
166
820
1015
493
982
271
747
449
1323
913
867
544
1220
462
341
387
308
585
202
789
1023
152
1235
1180
265
816
192
83
807
1220
901
1281
466
184
596
689
1065
1041
1066
1131
1179
116
367
437
369
568
916
920
1367
294
1110
642
857
748
176
120
98
380
848
1265
718
141
1334
1260
410
344
190
561
321
428
1433
885
1196
1029
326
127
991
330
953
1298
1389
1129
872
871
1243
1315
879
480
922
393
668
733
412
257
898
381
654
138
852
964
553
1044
555
569
686
1166
1106
469
1206
1323
526
663
867
358
1436
88
465
482
309
938
257
1185
867
533
1413
1042
426
771
752
469
104
449
722
1410
819
270
1317
684
169
335
1319
1173
1327
494
726
1131
553
431
757
1338
1055
305
123
1421
452
907
1378
380
297
269
870
885
633
943
811
619
162
1102
158
203
552
1413
1435
908
124
1000
229
662
855
497
160
396
285
1020
886
678
1366
233
1341
1398
1350
111
557
687
820
1322
1333
334
80
305
230
1438
1319
670
465
1185
739
259
1102
1148
1163
1146
1052
978
1276
540
511
755
1301
170
357
446
895
833
1276
192
1316
419
472
562
924
118
1324
917
542
664
686
1029
847
640
708
834
415
1258
302
287
1166
314
311
1387
563
1378
813
1272
1133
1436
988
731
1176
1323
673
950
261
1193
740
1050
116
994
319
834
1042
159
814
298
1123
333
97
1287
200
1342
1332
1276
305
622
1400
322
1379
1337
207
1048
121
778
1105
200
817
489
800
1250
308
566
980
1015
993
1417
852
182
907
816
677
181
211
704
88
361
98
350
60
1090
1370
1286
1245
1439
81
1028
136
1285
912
983
807
1021
515
1015
1177
661
98
1041
279
1148
220
1335
1038
1115
881
1194
1094
837
647
1217
822
1235
1281
1296
241
165
892
637
392
744
123
1205
427
1071
167
1143
243
942
927
738
954
661
648
641
1294
1346
976
879
78
130
315
266
1303
524
310
1050
1197
567
1253
538
245
829
1299
869
523
654
516
429
373
914
1247
784
540
1154
999
614
1228
1303
804
769
1416
1197
1377
616
232
1270
360
197
466
346
696
167
1436
528
1294
1219
374
127
315
957
518
272
1343
1403
852
139
1150
929
808
1098
1195
297
1005
184
792
705
430
1025
478
446
1237
1123
516
457
1161
1080
144
790
834
1307
557
392
641
216
905
693
872
1394
140
1154
1059
1311
1263
1190
728
587
781
1108
837
193
1019
750
355
932
860
1421
592
1368
318
225
539
576
825
986
69
269
1097
631
1408
192
1302
1052
1210
1403
462
226
685
1353
927
825
1170
1116
1146
584
963
306
634
433
1431
1024
328
547
1085
964
512
660
536
815
387
1100
420
1073
1205
1142
206
1395
280
1172
707
1029
790
1147
329
660
225
904
819
535
1135
933
707
119
1135
1385
293
1306
968
62
1279
259
727
394
792
1222
851
132
1348
791
575
598
75
392
630
586
800
278
252
725
1227
623
376
501
1418
1072
1121
514
438
484
984
1222
159
964
417
487
698
587
109
254
1413
1174
1240
1186
247
991
985
668
1366
1376
383
884
1218
399
211
1296
224
234
430
795
1336
153
272
1118
106
286
1223
1194
293
829
1083
965
867
1211
864
811
658
1386
1410
221
483
250
1301
1208
494
934
1027
1324
1343
1436
618
1272
864
647
1434
63
211
1276
1381
562
1386
316
1048
1171
1040
82
340
587
284
1131
346
501
1131
313
1126
1252
1403
409
861
1114
1052
423
203
1037
488
451
226
1015
381
733
1235
95
1206
1362
329
1424
1326
426
1102
457
495
77
892
322
73
237
1285
219
461
1422
331
1204
965
838
745
718
448
205
919
859
1206
545
1249
1254
1378
153
414
230
639
311
609
868
68
1430
1224
1012
446
602
1354
270
1397
518
1405
1436
61
293
429
760
479
517
752
407
739
1137
1110
902
864
592
1200
586
1427
176
286
794
1371
713
493
185
374
782
382
856
164
380
340
871
90
1276
228
174
1034
1178
1040
216
1125
1142
1123
998
311
109
1377
664
271
284
1071
934
969
496
535
1075
744
1413
1081
611
62
288
732
558
1333
1127
136
1373
1234
175
826
887
333
894
195
458
1258
1320
731
1238
965
740
700
648
847
1160
318
700
619
1097
1343
104
547
76
956
403
544
675
121
635
391
97
903
985
635
1369
502
852
1143
768
487
292
558
520
535
679
602
668
606
484
1387
873
191
591
898
493
774
1252
590
1044
1171
1084
153
143
269
245
133
410
496
691
605
1023
214
365
320
962
785
917
662
534
1312
831
338
1394
488
472
921
125
1422
184
340
886
844
308
320
89
653
534
1195
69
285
428
1068
1179
864
505
950
574
651
953
1348
848
995
1237
963
737
92
700
160
1303
894
1065
656
1291
765
1311
150
978
602
792
1174
467
348
78
1290
1156
647
301
132
1051
1292
1254
201
832
128
614
807
812
492
695
517
238
937
907
375
211
1184
762
1350
434
83
237
373
485
973
891
488
306
505
1330
1416
792
1251
850
1392
944
576
806
1264
846
1308
1379
323
85
550
1332
1201
1431
1330
538
1218
471
908
396
813
1273
436
782
609
1211
528
582
348
454
567
673
718
443
74
71
326
1253
269
1145
556
283
579
1057
1123
258
155
339
1108
153
1246
313
601
1366
663
1374
547
1139
766
1086
1360
1231
519
633
597
461
635
1067
1374
351
1216
120
246
1133
1107
554
427
847
812
1014
511
312
495
626
84
178
355
1307
1181
647
144
240
443
1339
811
1105
1285
712
1041
709
1349
670
809
550
691
551
643
439
122
782
208
1288
762
926
991
581
175
909
882
627
309
652
213
1070
1114
300
1197
468
453
1414
681
649
112
85
1261
811
134
174
207
1094
1342
296
1227
178
1190
580
452
972
1031
1182
801
135
321
906
587
94
259
740
187
622
754
902
84
803
584
1060
843
565
538
725
336
706
834
917
1396
1432
1181
1009
480
625
71
102
533
1111
382
1228
899
937
244
408
453
63
446
356
537
431
319
1147
824
956
170
957
195
455
1401
1112
355
945
491
760
723
473
1348
139
1334
1030
143
226
746
1190
577
865
341
1358
173
105
173
183
443
1345
449
342
1227
555
282
984
911
1415
1312
328
375
626
637
509
755
1102
1094
632
257
1158
584
1022
263
991
695
713
786
1439
392
1339
667
595
159
946
855
1368
518
1179
1100
1390
551
1307
1095
216
179
287
1057
260
550
1257
963
1090
1287
508
712
1048
865
1436
585
1100
860
1432
1301
1378
1143
122
940
453
345
99
1103
1353
1154
201
122
945
340
1144
933
357
837
1048
1315
80
706
1159
359
1429
194
906
583
923
1092
809
861
966
1270
339
1167
518
420
742
462
1325
74
597
946
1205
452
928
1425
664
181
172
1244
874
1400
687
652
763
1108
221
337
957
305
544
644
697
1244
417
592
1016
1152
127
581
1367
495
608
1259
62
315
946
847
816
164
852
769
1190
436
1182
1240
951
1002
1007
1369
97
1300
296
1126
511
591
1079
95
146
1239
581
149
1274
1336
1064
215
662
644
1315
316
1305
1433
1299
926
501
425
324
267
758
1335
580
636
719
446
1295
133
701
469
747
310
620
1363
934
1378
885
380
536
952
541
154
1192
1301
885
758
225
1321
639
1413
1178
131
989
1181
1151
1025
592
1182
498
542
526
668
1204
1221
158
1069
910
460
1335
288
1427
1240
144
667
1177
1058
1345
107
580
665
234
516
1179
1287
74
681
541
384
1207
952
505
952
601
672
1419
360
723
1042
689
97
966
1296
944
437
975
808
264
195
472
487
644
410
1348
134
842
1044
633
180
292
1381
251
992
222
1201
494
831
780
1341
1133
1029
738
1240
685
1389
874
488
1232
81
1107
393
1215
195
905
199
72
91
953
623
996
859
267
1435
480
1197
256
645
467
331
818
276
791
733
730
839
233
1248
1290
243
1065
815
1275
444
1333
1360
930
1286
1035
329
1028
1144
1111
1385
560
444
524
598
372
407
62
721
463
365
1086
915
107
239
1316
1272
116
1154
1220
93
1039
161
1299
1126
1329
912
1023
1394
159
593
910
1003
1233
1292
774
317
129
567
393
250
1430
1003
641
447
895
519
557
1077
544
516
618
784
937
615
697
1297
271
64
182
549
584
535
835
585
845
942
967
650
138
99
374
615
1153
1182
815
656
451
194
1048
911
912
417
1232
648
577
1237
1176
433
184
1316
998
1431
816
193
1436
1411
1201
1093
548
75
929
322
1409
1298
1403
245
70
1307
166
404
256
1407
1295
755
1302
622
1176
1200
731
451
596
1400
1208
585
480
433
456
1030
1401
1248
269
1206
270
894
388
1380
285
90
379
1112
697
432
1038
1150
900
1414
1132
266
1298
1435
158
322
487
182
120
1350
492
216
109
241
1416
619
547
814
1078
395
1337
1305
161
343
1025
132
932
1291
746
491
247
194
239
291
909
799
435
343
1243
1291
624
1438
1395
1038
534
575
883
608
809
93
1210
237
648
1274
298
431
852
132
871
660
944
430
248
602
182
1020
619
493
869
810
1197
1122
1355
1161
77
495
1301
500
996
63
830
1406
1372
961
1320
1061
1258
1431
1090
1112
687
628
973
402
1263
1392
581
408
379
467
793
1080
1364
937
785
681
1308
1112
681
1116
225
311
199
1200
528
521
848
237
386
938
875
295
1172
1330
378
859
438
1230
921
1432
962
227
420
295
79
417
505
1383
955
592
643
377
865
555
310
691
214
735
1204
472
1297
482
1225
1132
62
574
1419
1411
211
934
1014
1418
197
106
1428
928
1091
1392
140
769
521
1320
1131
497
378
108
1301
77
544
551
386
970
543
658
1158
510
226
1272
834
353
64
849
232
516
733
992
200
841
596
1050
1170
1086
1044
1194
399
1335
845
74
1354
97
690
71
704
665
63
1299
141
281
1016
1307
1267
124
310
841
1200
1208
1060
433
1223
1308
1059
763
1266
629
172
562
851
1204
508
282
636
1252
421
324
1028
1174
1301
151
1421
1121
1157
686
614
625
800
1272
1429
1377
1073
1146
395
1053
529
1127
1017
1197
796
1046
1425
974
823
527
846
967
1258
885
1298
213
1388
839
453
852
191
312
434
706
988
1163
790
1406
516
1354
1094
703
1152
1160
442
1098
182
493
941
907
677
1416
472
576
1386
456
953
447
945
574
1271
1052
1328
1102
989
1063
351
786
194
845
156
925
704
867
631
688
1359
415
149
1228
391
1050
1044
1191
851
471
201
361
420
206
323
1393
286
641
190
1198
1025
949
357
960
1040
459
479
1178
1082
390
718
1331
1243
471
705
260
978
664
409
195
707
342
508
525
556
451
350
1310
618
1272
511
1298
1181
1069
1239
1283
164
193
1389
506
1258
871
983
855
