1289
1972
2568
1138
1930
1329
1569
2529
966
1568
1159
2256
2032
825
2282
1511
2400
1676
2729
1853
1902
2240
2241
1702
1925
1719
1191
1229
1372
1157
2370
2111
1321
1735
2190
1239
2187
1181
1498
1673
2575
2294
1532
1154
1293
2232
1064
1091
1552
2813
1705
1872
2288
979
1569
1488
1761
1287
1934
1503
2089
928
2288
1916
1096
2083
1070
1031
1389
2143
1759
1441
2042
1398
2463
1369
1679
1743
2117
1056
1767
1732
1671
1193
1938
1978
1303
2634
1692
895
1143
1365
982
1915
1233
1566
2068
1426
1014
1137
1080
1406
1291
1146
1322
2136
1686
1373
1907
1613
1849
1557
1894
904
1980
1451
2846
2284
739
2119
1430
1202
2094
1502
2001
2266
1711
1803
1676
1510
1847
924
2000
2081
1766
1476
1831
2029
1759
2264
1231
1647
1603
1800
1875
2232
1201
2625
1492
1064
2154
2298
1723
2121
1657
1999
740
888
2266
1709
1587
1285
1136
1578
1865
1730
1687
1493
1237
1522
1204
2091
1377
1754
2044
2122
1990
1461
1482
1471
2188
2234
2450
1915
1927
1578
2128
1709
1645
2402
723
1898
2688
1797
2535
2145
2186
1848
1485
1110
2497
1300
1116
1044
1101
1576
1221
2004
2053
2117
1406
1505
1599
1736
1280
1545
1671
1188
1443
1266
2056
2255
1904
1815
2098
2118
1151
1982
1861
1671
601
2045
1890
1609
1971
2382
2093
1933
1554
2118
2017
2409
1238
2295
1727
1367
1759
2402
1770
1738
2303
1017
1544
2430
2415
2003
1571
1216
1461
1402
1643
1938
1306
1680
1728
1747
1156
1677
1431
2304
1904
1398
2629
2242
1671
2079
2003
2176
1733
1315
1064
1334
2333
1426
1746
1324
2075
788
1971
1750
2392
1165
2011
2460
619
1836
1373
2747
1598
1971
1649
656
1692
1256
1940
1933
1592
1383
1112
1978
1785
2258
2572
1957
1964
1723
1517
1418
1290
1500
1818
1179
1992
2431
1162
1340
2559
906
2641
1170
1497
1536
1823
1812
1175
1339
826
1949
1937
1511
2167
1344
2167
1727
2579
1479
2297
2507
856
1397
1667
2122
971
1861
1828
1176
1941
916
1868
613
958
1968
1374
2132
1578
1402
1435
1455
1931
1991
1574
2289
2193
2380
1857
2125
1591
1788
1353
828
1660
1894
1839
1174
1595
1568
1090
1020
2187
2341
1391
1857
2596
1117
1904
1878
1641
1485
1629
1287
754
2349
1838
912
1767
1447
1884
2226
1286
1214
877
1452
1372
2007
1613
2183
1148
1376
1280
1768
2218
1922
1515
2087
2293
2370
1518
2194
2476
1849
984
1281
1110
2215
904
1153
1603
1982
2521
2006
2323
769
2235
1901
1245
2374
2539
799
1311
1756
1994
2307
1283
2013
1691
1995
2433
2110
1316
2037
1927
2015
1316
2281
1785
1023
1945
1713
1545
830
1490
2293
2094
1713
1620
1560
1538
2177
1978
2750
786
1751
1398
2096
1723
1349
1596
806
1379
1601
1394
882
2581
1675
2147
1939
2365
2040
2699
2423
1527
1433
1580
1682
2095
1674
1697
1222
1864
1496
1487
1941
1755
2373
2583
2254
1647
1271
1643
1071
1362
1856
2046
2164
603
1666
1305
1533
1926
1259
1360
1870
1365
1486
1684
783
1259
1892
2222
1424
2053
1423
778
2504
1859
1423
1810
2731
1064
1308
2364
793
1829
1429
1497
2466
811
1793
2434
2479
846
1678
993
587
1507
2142
956
1660
1996
2297
2319
1801
1310
1353
2101
694
1900
1979
1410
1327
1670
1914
1274
1000
1293
1393
1635
908
998
1266
1219
2003
2090
1429
2009
2331
1815
2024
1070
1115
1404
1888
828
1280
1563
1474
2392
1320
1961
2019
1223
1396
1426
1843
1990
2743
1552
2321
804
2007
2285
1700
1589
1156
2401
1858
1863
2422
2391
1921
969
2112
1293
1870
1240
1899
1989
2539
1699
1465
1995
2106
1379
1313
1707
1402
2109
785
2705
1509
2250
1935
1539
2522
1742
1719
1521
1761
966
708
1900
937
1469
1448
2434
904
1954
2077
2266
1068
1837
1123
1565
2395
1420
2173
930
1366
1337
2359
1909
1242
2016
1101
2000
1668
1461
1584
1265
1695
2209
1723
1315
1453
2340
2143
2328
1857
785
1414
1804
1507
2055
1838
1606
1721
1190
2499
1882
748
1269
2088
2233
1388
2027
1476
1105
1923
1201
1476
2462
1799
1399
1747
2220
1541
1763
1911
1147
1770
1194
1215
1400
2204
1235
2333
2004
1431
1806
1441
1682
1260
1564
2370
2061
1645
1004
2428
2503
1930
2059
1645
1179
2222
1431
1477
1470
1855
2286
1505
1683
1347
2517
2189
2025
2136
2255
1395
1742
1717
1737
1282
1393
1410
1400
1771
2616
1488
2678
1781
1541
2628
1864
1440
846
1648
2232
1088
1913
2557
1004
1026
1483
1213
820
2241
1445
1748
846
997
803
2331
1420
1786
2296
1937
1920
1128
1983
1728
1839
2134
1752
2183
2024
1686
2329
2111
2562
2546
1660
2366
1739
1387
1507
1986
2338
1389
1284
2576
1749
2016
936
1249
1813
2393
2443
1091
1630
2113
1312
1901
1965
1949
1070
1187
1204
1107
1909
2143
1569
1038
1293
1939
1578
1477
1768
1538
1005
2701
1853
1272
581
2070
1241
2523
1452
1946
1279
1085
1383
1241
1659
2010
1854
1246
1256
1890
1403
1598
1664
2002
2310
1827
2238
1572
600
982
1181
2262
1740
1373
1023
2394
1629
2211
1781
1459
1651
1891
1366
1720
2362
1564
2071
1997
1499
2095
1166
1626
1267
2142
2089
2309
1223
1838
1777
1894
1677
1719
1577
1467
832
1315
1926
1216
2196
1830
1124
1642
2549
1809
2584
1586
2707
1627
2148
2357
1782
1227
1610
1110
1346
1708
1290
2281
1588
2075
872
2514
1260
1112
1274
1212
1899
1102
1388
1946
2249
1949
1342
1417
1400
2562
1910
1440
1508
1403
1740
1090
2265
1313
1037
1753
1619
2544
1312
1111
2081
572
1998
2286
1662
1540
1347
2122
1920
2390
1272
1542
1225
1620
1295
1881
1272
2492
1562
1662
2550
1287
1183
1545
1053
1779
1457
1352
1375
1723
1531
1590
1645
2339
730
2517
1369
2301
2210
2161
1947
1177
1357
2043
1458
2566
791
1337
2448
897
1295
1583
2344
2014
1107
2155
1620
1499
986
1666
1646
2231
1637
1507
2242
879
1536
1618
1935
2180
1680
1558
1703
1445
2445
1467
1972
2246
1603
2271
1918
2380
1862
953
1376
1837
1505
1817
1576
1443
959
1362
1905
2625
910
971
1364
2196
726
2276
1280
1998
2504
2003
1835
1480
1655
1441
1507
2066
1620
1030
1145
1883
1545
1310
1890
1748
1881
1261
1535
674
2021
787
1307
1730
1240
2415
1283
1721
1287
1200
1757
2441
2245
2351
1373
2387
2478
1918
2336
1708
2492
2834
1842
1363
2215
1176
2016
1400
2376
1949
1645
1307
1847
2244
1998
1796
1915
728
1054
1052
1398
1946
2110
1712
1006
1484
1375
1111
1733
2035
1936
1599
1290
1774
1163
737
1431
734
2038
1447
1825
1652
1439
2605
2126
1488
2088
1531
1792
2227
1128
1234
1238
2281
791
2278
697
2195
1450
2234
2097
2268
1515
2434
2564
1980
1244
881
1095
884
1888
1667
1849
1227
1492
1506
927
1685
1654
1887
2158
2668
1742
770
1837
1099
1493
1563
1798
2232
2627
2298
1720
754
1479
2349
2721
1204
1351
1208
2517
1798
2412
1262
2228
1666
2820
1195
1195
2543
1465
2689
946
1179
2417
1623
1792
1893
1480
1791
1578
1520
2050
2188
1171
2298
2041
2410
1793
2254
2114
714
1209
939
1653
1566
1776
1203
1220
2369
2288
1403
1607
1524
1440
732
1103
1669
2111
1550
2014
1948
2341
2126
2132
709
1451
1337
1883
2218
2425
1806
1862
2389
1207
1310
1813
1348
2298
964
1766
1438
1715
1443
1422
1806
1609
1413
2212
1018
1118
1570
1476
1294
978
2242
902
1918
2705
1469
1360
1050
1645
2354
1982
1247
1290
2537
2660
1409
2271
592
2792
1832
2548
1320
2585
2004
2127
1465
2360
1375
946
1413
1583
1454
1230
1982
2022
1344
1084
1856
2328
1276
1887
2069
2294
1274
2112
2436
1775
1589
2569
1657
1722
1450
2298
2020
1795
711
2288
842
1446
1860
2270
1883
2058
2047
1748
1507
1590
1229
2221
1764
1545
1992
1435
1072
1696
1857
2653
2349
1326
1629
2394
1129
800
1953
1326
1922
1780
1829
2577
1514
2511
1745
1817
914
1277
1633
1765
1736
1926
1894
1444
880
1347
1070
1199
984
1577
1532
2781
2125
1367
1218
1817
1586
1640
1753
1702
2027
1479
1971
1594
1341
2190
2154
865
1558
695
2041
1318
2522
2231
1589
1793
1321
2129
1863
2161
2485
1796
1978
616
2230
2028
1049
1402
1850
1095
1904
2179
1157
1643
1777
2603
1531
1190
1098
1254
710
1696
1625
1287
1900
2167
1775
2027
1903
906
1218
1191
1157
1719
1653
2852
2039
2053
1262
2265
2356
1598
1435
2188
2293
1101
2320
1850
1224
1030
2327
957
1087
2368
816
2483
1851
919
1742
1298
1198
1884
2750
1335
2255
819
2429
2325
1464
1584
1616
1828
2056
1381
2232
2171
1713
2666
993
2405
2548
1867
2466
1826
2726
2587
1386
1973
1244
2127
2121
2030
770
2506
2667
796
1708
2017
2076
1354
2252
1802
2265
1966
1049
2237
2232
2000
1974
1509
1370
1262
1938
1333
2120
1646
2045
2175
1931
2284
1355
2654
2165
1413
2537
2527
1605
1193
1105
2185
1350
1762
1447
1126
2288
1902
2095
1987
1994
2609
1447
1222
2046
1943
1122
2094
1338
2416
2002
1707
1484
1310
1121
2514
1273
1855
2001
2081
1914
2127
1402
2014
1918
2030
2378
1587
1683
1652
2278
2341
2665
1988
1482
2090
1215
1977
1191
1734
1079
1982
2259
1657
1590
1787
2231
2047
1701
1260
1354
1532
1777
2154
2257
1990
1450
1259
1045
2099
1770
2219
1519
2470
1550
1228
1418
1061
1025
2667
1860
2335
2133
1595
1635
809
2338
1742
1631
1114
2701
1674
818
2267
2628
2094
1417
1588
1897
1726
2595
1694
1281
1448
1816
1090
1453
2209
1585
1083
1236
2318
2073
1329
1254
2133
1804
1439
881
994
1630
1379
763
1858
1269
1514
1837
1964
1115
1917
2433
1215
707
1952
1131
2043
817
1097
1835
1394
1487
1627
2457
1399
1094
938
1576
1143
1315
1079
1998
1585
949
2453
2188
1906
2171
2544
2123
1818
1468
909
2008
1575
1568
1778
902
1928
1215
1073
2137
1199
2101
1766
1723
1606
970
1360
1409
1718
1308
2089
1197
2710
2478
2320
2478
793
1893
1221
2520
2105
2185
1593
1159
1696
777
985
1095
2315
2407
2030
1403
1335
1886
2210
1761
1514
1577
1285
1640
2171
2528
1728
1653
1405
2587
1603
1511
2412
1408
1422
2186
2369
1393
1497
1760
1956
1626
1528
1637
1745
2086
2381
1283
2714
2664
1578
2789
1269
1766
1509
1656
1432
1556
1558
1484
1583
2367
1333
1542
2059
968
2304
1381
2233
2349
1673
2444
2043
1235
1824
2029
1834
2129
1297
2340
2378
1751
1358
1504
1405
822
2615
2073
2489
2006
1444
1388
1682
2658
1097
1880
1684
1533
1101
2223
817
1302
941
1341
1971
1779
2012
1353
1682
2219
2260
2099
2112
1024
1556
2223
1581
607
936
1077
1845
1447
1518
1716
1683
1232
1455
1924
2089
1732
1021
1187
1690
2590
1800
2503
2482
1075
1750
1236
807
2132
1389
1614
1957
1460
2598
1426
1539
953
2020
2401
1700
986
1264
1047
2380
1670
2189
1412
1926
1462
868
1471
1241
1885
1724
1209
1508
1700
727
2772
2433
1409
2062
894
1041
2002
961
1544
1245
1840
672
1812
2213
1922
1558
1961
1133
2163
1540
2052
1002
1168
2284
1922
1774
2089
848
1964
1202
999
2326
1553
2510
1651
2190
840
1796
2620
1142
1451
1133
1868
1606
1464
1464
1159
2519
1415
1253
1864
1768
1759
1090
1442
1751
2245
2107
1707
1692
1691
1899
2492
979
2061
2099
2051
2414
1597
1678
1326
2197
2690
1174
1807
2326
1859
2553
2088
2003
2140
1691
2135
2209
1030
1528
2313
2176
1647
1270
1633
2369
1857
1717
1703
2799
1568
1283
1184
1472
1290
819
1722
1069
1343
1032
1524
1721
982
1200
2155
1946
1079
1464
1593
1814
2485
2331
1414
1493
1328
2365
2177
1778
1733
1802
1315
1649
1060
1035
2597
2760
1816
2202
1741
1240
1510
1706
2029
2212
1460
1269
1011
1546
2580
1229
1892
2213
2460
1643
1599
1676
2378
1330
2584
1788
933
1945
776
2141
2114
1912
1526
2290
2157
1340
1746
2283
1748
2569
1492
1162
1495
1579
937
1766
835
2518
2011
2560
1159
1963
2138
2446
1605
1836
1902
1772
907
1679
1775
1144
1332
1778
1383
2638
1781
2417
2351
1422
2408
1092
1846
1505
920
1935
838
1811
2782
2148
1966
2125
1383
2242
2061
1728
1919
2157
1641
2109
1844
1212
2248
1726
1611
1724
1488
2492
2599
1558
1184
2380
1231
1670
2605
2305
1440
747
1539
1375
1936
1656
986
1840
1540
1368
1570
1047
942
798
1493
1612
2082
2166
1803
2617
1226
781
1910
1387
1738
930
1133
2486
1440
620
1257
1172
1561
2214
2425
1682
844
2112
930
1921
1672
1566
1574
965
1502
998
1746
1224
2015
1669
1149
2000
1660
1844
2737
2228
2402
1551
1052
2040
2158
1691
1518
2038
1574
1221
1524
2054
1500
1062
1281
1604
2038
1457
1389
1730
2425
1858
2054
2473
1280
1718
2461
812
1588
2535
1251
1183
1588
716
2094
1651
993
1118
954
1254
1323
1415
1082
1490
1439
2380
1497
1567
2288
2372
2023
1558
1614
1105
1265
2731
1709
2089
1371
2429
1768
1749
2118
2239
1977
2533
2124
2185
978
2022
2027
1636
1685
1943
2428
2483
2139
1970
1756
2041
1178
2243
1915
2165
1929
1153
1727
769
1510
1337
2381
722
1300
2027
1855
1720
1470
1334
1048
1575
2444
1562
933
1493
2379
1137
2195
1442
1057
1481
1745
2323
2289
1598
1913
1072
1619
2439
2002
2093
1519
1603
2188
2379
2103
1155
1466
809
1892
1256
2259
1411
1211
2569
1751
2395
2523
1561
1448
2489
1245
1145
1751
2182
1699
869
1356
2002
2680
1369
1059
1318
1800
1866
1945
1797
2501
1746
1273
1512
2124
1268
1999
1141
1879
978
1271
1345
2641
1316
2197
1110
1404
1017
1541
1368
628
2239
2284
2106
886
1093
1885
817
1367
1854
1684
2300
1776
2271
1563
1611
1273
2086
2226
2012
2229
1775
1261
833
2783
1145
2327
2379
1099
2178
1668
1658
2269
1751
1381
1773
1866
1761
1858
2387
2422
1764
1186
1509
2171
989
2105
1486
2640
1782
1209
2260
1860
1454
824
1975
2371
2399
2048
1516
2352
1932
1574
1744
1413
1441
1711
2203
1340
1739
1116
1787
1619
1802
1601
1391
1782
2285
1198
775
2649
1611
1637
1181
1215
1391
1392
1536
2123
1435
1362
2015
1566
1129
1578
1925
2178
1836
1686
1618
1063
2331
944
2563
1543
1961
1582
1930
1061
1083
1467
1736
2134
1626
1251
2268
1842
1866
1672
1444
1806
1664
954
1242
2369
1863
2303
1820
1465
1635
1140
1999
2539
2146
1545
1718
2119
1737
1185
2186
893
2517
982
2435
808
1540
2010
1436
1613
2138
1509
1507
2280
2376
1520
1186
1688
1070
2077
1202
2571
1931
1998
2381
1878
2556
2584
2562
1644
877
1196
1457
2271
2233
1749
2161
1895
2151
2629
1541
1640
2060
1409
2467
2216
1505
1912
1887
1575
1779
1103
1261
2482
2352
1322
2276
1368
1353
1616
1419
2289
2243
1184
1504
2758
1671
1303
1857
1231
2274
1479
1233
1672
2174
1995
2246
1814
2325
1575
1345
1868
1639
1075
2210
2334
1408
1820
1530
817
945
1927
1853
1889
1369
1752
1834
2476
1918
1470
1445
1270
1655
2002
2591
1054
2009
2190
1719
2619
1709
1715
2157
1647
1711
1452
1919
1136
1822
1883
954
1663
1875
2123
2271
975
2490
1561
1091
2759
2704
1916
2351
1574
1315
1706
1324
1910
969
2467
2024
1257
1963
2282
1616
1445
1909
1232
2327
1021
1852
1501
1688
1373
1524
2402
1913
1182
1826
1560
1291
2460
772
1430
2087
2331
769
2113
2239
1747
2084
1940
2016
1618
1840
1691
2269
1133
1685
1729
1520
1330
1508
1619
2055
1546
1723
1417
1366
1619
1383
1926
1303
1689
2128
1759
1687
1106
2317
807
1680
1596
1977
1179
1510
1546
1826
950
1289
2255
1648
1401
2056
1904
2330
743
2163
1818
1858
2481
1049
1386
2257
1354
1946
2087
1369
2473
1584
2008
1891
2329
2189
2275
2397
1581
1989
1124
2641
1408
2045
837
1484
1003
1770
2107
2314
1091
1539
1335
2289
1097
1472
1225
2037
2781
1545
2252
1798
1813
1856
2113
1972
1458
2528
1117
2018
1203
1772
1812
1566
2055
2249
2148
2192
1120
1626
1964
887
2158
972
889
1867
1237
1746
1614
1681
1936
1226
1483
1002
1999
2513
2236
1549
979
919
1777
1846
1551
1062
1532
1960
1431
1297
1857
1361
644
1984
1679
1483
985
1864
1822
2197
1466
1243
1720
1591
2107
1781
1863
1069
2013
1892
1756
1941
1691
1091
1680
1223
1674
1073
1850
2134
1269
2130
898
1358
1249
2194
1031
1883
2568
2544
2049
2451
1822
1327
2565
1966
1345
1177
671
1661
1741
1234
1607
1340
1750
1801
1860
607
2601
2239
1772
999
1849
1145
2175
2369
1787
1687
2011
2199
1120
1604
866
2335
1902
1291
1607
1788
2351
2352
1457
973
2235
2228
983
963
2128
2309
2535
1458
1875
940
1373
1103
2338
1741
2086
1377
2050
1523
1776
2233
1557
1527
883
2611
1940
996
2236
2080
1804
1747
2252
2548
2445
2092
850
1134
1525
2553
1431
2263
1501
1487
1736
2348
765
1175
2019
1357
1958
1565
1812
805
2234
2844
1307
2627
1745
1414
1297
1059
1234
1585
2334
1386
1019
2226
1144
1100
1978
1673
1596
1090
1070
1325
1810
1527
1955
926
1470
1367
2263
1998
2213
1415
1927
1177
1553
947
1275
1128
740
1846
2143
1194
2548
1818
911
1468
1252
1016
1884
1701
1428
2070
1132
784
1809
1708
1778
1601
1727
1795
2406
888
1639
1004
938
1719
1565
1814
1984
1117
1734
1190
1400
1584
787
936
1474
1018
1485
1815
1531
747
2447
2341
1836
1377
1408
1421
1442
1697
2101
2056
2213
2106
812
1291
1791
1395
1823
2542
2783
1860
2202
1756
2002
2011
1631
1296
1943
1161
1660
1844
1587
1562
1605
1108
1864
1364
1374
2340
1204
2057
1839
1086
1880
2452
1797
1087
2164
2579
1383
1903
1781
1350
2398
1237
1417
1803
812
1865
853
2540
1861
1159
2782
2261
1764
1576
2061
1629
781
1678
1706
2621
1720
799
2052
1901
1499
1617
2388
2610
2671
1665
2110
2441
1706
1466
1271
2434
1823
1649
1105
2126
1368
1598
2251
1285
923
1524
1790
2301
1290
1665
1893
1637
1078
1800
762
1053
1414
2135
2320
2333
1301
1866
1155
1217
2101
1555
856
958
1235
1875
2109
1929
2789
1654
2542
2563
2429
843
1511
1619
1944
2362
2743
984
1375
1692
913
2554
2570
1470
1273
2272
1375
1495
1680
2282
1705
2014
2173
1931
1771
1858
1169
1385
2658
916
1224
1843
2020
2231
2590
1071
2535
1828
1081
1702
2138
833
2729
2042
1749
1976
1736
1951
1741
1863
2072
1411
1608
2565
1034
1626
1752
1476
1055
2653
1106
2748
1652
2385
2257
2850
1939
1227
1665
2614
1436
1589
1457
1877
1340
2414
1156
2035
897
1919
2173
861
1816
908
2557
1349
1140
2305
1000
2034
2457
2124
1607
1179
1956
1376
2032
2322
1594
1538
962
1348
1610
837
1580
1498
1786
2647
1400
1247
1920
1695
1957
2137
1457
907
1927
1620
1993
1315
1541
1887
1434
1350
1017
948
1065
2015
2618
2248
2405
2211
1368
2078
625
2352
1753
2335
2023
2158
1166
1650
2495
1888
777
1844
1371
1680
716
1871
2278
2097
2079
1974
2410
1899
1899
2313
1552
1795
2049
1889
1485
1046
2032
1539
1716
1589
982
1694
1569
1725
888
2364
1661
2107
1417
1426
2269
1479
1938
1861
2371
2035
2139
1374
1240
1215
1520
945
1903
1846
1512
2306
2120
1092
2521
1046
1401
1623
2107
2006
1394
1852
1429
1641
1566
1950
2304
2081
1291
1988
1911
1491
2071
2203
2068
1736
2060
1921
2764
1158
1215
2630
1575
857
1457
844
1836
1483
2786
1508
1932
2481
1702
1270
1710
1677
1126
1202
2592
2664
2241
1499
1756
1955
2085
2181
2492
838
1721
1077
1634
1707
1467
1770
1346
1228
2475
2422
1848
1602
1876
2117
1101
1812
1569
2565
1429
891
1218
795
1627
1868
1848
2543
1324
2456
2093
2567
2524
2327
1305
1504
1821
1682
1801
728
1965
1741
1051
1419
1806
2673
1936
2684
1488
1211
1772
1116
1489
2348
768
1057
2048
1415
2672
1320
2667
1627
2482
2271
1062
927
1787
1843
1586
1821
2264
2296
1925
1750
1671
944
1693
1729
2839
2310
858
1861
1658
1836
1513
1555
1404
1469
938
2263
1046
1879
1691
1671
984
2641
1554
2417
1456
1581
1991
1633
1323
1849
1617
2141
1356
1839
1664
2026
1827
1039
2547
2267
960
2689
2281
1472
2593
1456
2062
1760
1654
2421
1739
1263
2619
1706
1303
1826
779
1128
1496
1167
2057
845
977
1829
2215
2033
1611
1857
2650
1686
1703
1342
1276
1004
2166
1747
1471
1675
1747
1583
1200
1293
709
882
2259
2440
2628
2205
1250
2394
2058
1933
1859
2311
1647
1537
2269
1247
976
2252
1374
1578
1003
1944
2583
1386
1265
2208
1093
1067
1793
2555
1518
1445
2368
1912
1878
2441
1903
1443
1142
2376
2414
1617
1102
876
2257
2194
1203
1491
1546
2010
2610
2855
1426
2248
1422
1721
1994
833
1116
1820
2237
1949
2822
1221
1840
2002
2020
832
1154
1971
1450
2242
1532
1710
1880
1737
1881
1896
2671
940
1473
1747
2009
1275
785
1525
1568
1525
1178
1884
929
1512
1892
934
2482
1861
1366
2505
2273
1535
1657
1207
1163
1450
1384
988
1120
885
2458
1322
1495
2272
1497
2613
2175
1825
1373
1590
1355
1426
1918
1603
1882
1896
2433
2065
2074
954
1223
1422
1880
1567
1870
1505
953
2598
2313
1583
1223
1689
2243
834
2173
1310
2325
2641
608
835
1403
1377
1821
1733
1794
1245
1920
2262
2278
1902
2224
1721
2320
1540
2479
1252
1394
2151
2322
2108
1493
1470
916
1418
866
1854
1064
1017
1186
2159
649
2672
798
805
2041
2037
1683
1622
2064
2342
2274
1738
1149
693
2777
1591
891
1255
1701
1951
1941
1485
1900
2308
1694
2612
2224
1403
722
1299
1324
1794
2107
1963
1418
2719
2435
1517
2069
2269
893
1828
972
1487
2665
2162
1350
1922
1763
1842
1545
1494
2142
2285
1465
1943
1965
1852
2591
1137
1972
1114
2382
1056
1259
1491
836
1715
1586
1158
2000
2379
1757
2448
1908
2261
1643
2027
1170
955
1698
1079
1022
1185
1919
1205
1951
1726
1980
2095
1136
1805
1529
1210
1672
2525
1754
2409
1987
1890
937
1074
888
1353
1011
1094
1010
1305
1489
2043
1229
1529
829
2393
1571
1847
1715
1705
2691
2148
1460
2820
1733
1685
1636
1253
2332
1566
1546
2063
2279
1214
802
634
1394
1037
2403
912
766
1267
1742
2282
1507
1941
1673
1760
1885
1984
1902
1641
1778
1739
1661
1438
838
1380
1139
2739
1675
2009
1695
2298
1501
2516
1109
1996
1497
1998
2344
1673
1267
758
2304
2020
2020
944
1416
2120
2454
2036
1114
2168
793
1488
1640
1907
1803
1689
1880
742
1948
1608
1605
910
1741
1660
1976
1185
1243
1667
1423
1702
1785
1961
1069
1603
1530
2562
2529
1952
2137
1463
2068
2180
1870
2235
2008
1935
2677
2327
1528
973
1178
2330
1765
2443
1931
1101
2512
1185
1885
1008
1987
1767
1768
1533
1769
2363
1631
1711
1041
1172
1551
1550
2102
990
1025
1370
1491
2307
1105
2436
1472
1539
1556
2344
2034
1528
786
1025
2190
787
1942
985
1928
2109
1794
2045
1536
1717
1462
2195
2576
2078
1301
1840
1795
1704
2010
2295
2487
1600
1861
795
1437
2206
1698
1393
1245
1974
1504
1823
1199
1570
1934
1775
1182
1230
1185
2029
1762
2027
1337
1652
1822
2295
2196
2539
2575
1232
1900
1287
2056
1586
1767
1580
1468
1566
1786
1765
1472
2015
768
2481
1674
1889
1718
1653
819
2185
1981
1112
1539
1844
1485
1645
2299
1082
2057
1407
1487
2430
1469
1317
702
591
2025
1721
929
1053
1212
2168
1948
1575
2531
890
1694
1192
1741
2128
1728
2095
1886
1062
1591
2326
1319
943
1250
1978
1045
1640
1776
1989
1298
1378
1130
1777
1499
1549
1461
1310
1747
2133
1740
1999
2395
2862
2255
1726
1753
1209
1156
768
1912
2122
950
1826
2105
1831
1318
1500
1873
670
1870
1522
1458
1331
844
2239
1514
1802
1086
1666
881
1074
2196
2418
1102
2038
1073
2141
1246
1327
2540
691
2729
1514
1162
1044
1847
2257
1071
1489
1012
2242
791
1293
1104
804
1777
1863
1196
1766
1727
1500
1179
1955
1680
2479
2097
1453
1101
1474
1378
1761
1701
2418
2171
1565
1624
1937
1946
2277
1081
1907
1475
2024
1525
2074
1493
2366
1669
1808
667
2202
1519
2020
1648
2553
1711
2286
1394
2636
1973
1583
1374
954
2179
1048
1217
2235
2388
1664
2296
1268
1462
2363
2200
1956
1577
1805
1527
2329
2025
2142
2218
1021
1784
1892
1238
917
2430
2061
2444
1461
1543
1799
1149
2237
1715
1586
1908
1917
2516
1321
1726
2368
1063
2823
684
1695
1586
2138
1959
1626
1539
1944
2084
1604
1707
1011
1497
1993
1426
2573
797
1307
2099
2215
1198
1942
2771
1439
1365
732
2175
1630
2588
1821
1817
1842
2040
1308
1395
1447
1702
1374
1612
2114
2233
1765
1095
2289
1648
1443
2011
2388
1895
1440
1977
966
1573
1485
1530
1707
1570
1789
1497
2263
1693
2499
2281
2386
1833
1588
2559
1362
1863
1483
2231
1861
1166
2139
1104
978
2147
1920
1021
2305
1929
1789
1616
1278
1655
1997
1542
2572
2137
2708
1643
1826
1327
1371
1257
1581
2370
1291
1391
1632
1880
1817
1105
1547
1801
1482
1318
1767
2599
1964
2163
2038
1125
1304
2319
1279
903
2079
2526
1755
2091
1345
2458
1275
2387
2161
994
1912
2398
2564
1998
1531
1938
1541
1445
1578
1659
2166
2044
1172
1806
1682
979
1888
1275
2132
1871
1298
1481
2018
1553
2771
1516
1668
1164
1608
1832
2447
2601
990
1942
1314
1122
1830
1589
1247
1782
1780
1613
2276
986
1831
1804
1939
680
1856
2555
1896
1628
2125
1320
825
1600
1399
1711
1903
1769
2740
1263
1553
2364
1533
917
1381
2280
1480
1508
1409
2076
1274
2201
2201
2261
2368
2037
1971
2132
1977
2718
1776
1493
2472
1347
2022
1446
1839
1402
1482
1570
760
1322
2044
1893
2220
2009
1607
2206
1629
1757
819
1748
1848
1164
1768
1646
1758
1509
1838
1665
1263
2220
1806
746
2317
2016
2255
1879
2460
2063
1786
2219
2094
1554
2256
2157
2355
2526
1760
1469
1535
1378
1287
1144
929
1353
1450
1383
1833
1641
658
857
2512
2428
864
2515
2012
1317
1779
1383
2301
1928
2093
1460
2430
2096
773
1820
2295
1722
2182
1825
2211
1110
1320
1695
1607
945
2524
1708
1590
1419
2055
1365
1652
2268
1533
1774
1444
1771
2348
1337
1254
2284
1363
728
1586
1498
1892
1197
1539
1417
1766
1445
1493
1886
1215
1174
1222
1372
2252
1677
1346
1276
1163
693
2487
2325
1677
1037
2112
1478
1864
2301
2488
1022
771
2615
1830
2693
2193
1458
2832
2012
2309
2146
1929
661
1934
1639
2224
2411
2569
1198
658
2194
1486
1698
1471
2797
2715
1579
2013
1773
2412
1745
1489
1377
1884
2666
2647
1771
1169
1461
1216
1514
2647
1911
1291
2223
808
1715
953
1944
1385
1036
875
1963
1822
1698
1720
1729
1430
2643
2492
1548
2579
1973
1353
1238
1019
1401
626
2700
1786
1206
1115
1490
2531
1179
1784
1571
2367
1144
2294
2469
1288
1165
1991
741
2232
1912
1258
1805
1109
808
1427
1549
2007
2145
1579
1360
2649
2539
1979
2455
2324
1679
1515
1948
2184
1191
1640
611
2402
734
1408
2265
995
1354
1333
1479
1921
1817
2231
1777
1278
1231
1169
2284
1936
1392
1489
1437
1711
1964
2189
1999
639
1756
2467
1322
1919
633
1733
2008
2312
1642
2184
2498
2421
2364
1943
2339
2054
1108
1621
1644
2449
2346
1700
1102
908
1558
1781
2411
2556
1471
1334
1613
2069
1946
1828
2401
1585
1117
1338
2250
1708
1055
2030
1069
900
1869
1474
1451
1791
2404
956
1342
1420
2160
2143
2693
1468
1438
1425
1701
833
1304
1089
2401
1628
1866
1606
910
1512
1133
1098
1603
1193
2021
2587
1447
1878
1316
2602
1932
646
1219
2723
2247
1157
2227
1740
1918
782
1267
2418
1545
2434
2560
1044
2052
1076
2660
2542
1652
1441
712
2339
915
1739
1743
906
2199
1405
1753
2037
1109
917
1910
1335
1197
817
1675
1090
1404
1741
1743
1562
1576
1615
2257
1891
1762
2262
1924
978
2091
1341
671
1944
976
1599
1501
1916
1417
571
1812
1507
1098
1824
1995
1861
1276
1640
1717
1778
2199
1919
1537
2194
1866
2347
1903
1830
1291
1148
1882
1949
2297
1946
1271
1706
2100
1078
1668
2181
1753
2578
798
2441
1935
1993
1726
1476
1628
2119
2101
2745
2079
2175
2220
1687
2261
1374
2178
2357
2531
2139
1797
2189
1992
2041
1640
1970
1858
2592
1750
2389
961
2660
1984
1589
2153
1301
1380
1712
1304
1561
2577
1660
2674
1299
2569
1813
1985
2386
2277
1734
2203
1165
1410
1713
2177
1247
2763
1014
1565
2648
1128
1632
932
1712
1241
2636
2025
2745
2223
1738
2070
851
1722
1548
1645
669
2035
1476
2276
2005
1630
2679
1182
1299
2539
1055
2445
2100
1829
1619
1050
1417
1266
1049
1077
1097
2647
1486
1856
1571
1960
2253
1758
1357
2168
2231
980
1300
1957
2166
1187
1781
2755
1827
1597
1295
783
2367
1279
1493
736
1534
1408
1300
1927
1651
1657
984
2244
1439
1927
1803
2000
1996
1691
1724
1970
821
1457
2460
1431
2507
1580
2256
1428
